$ANSIBLE_VAULT;1.1;AES256
61366634366536363834343930626339656631343433363761613062326632396130306362366630
6561326163333136643139376462626366666365653933310a636230616535313737393832396334
62343432346664636636343466353765646433633838626437386632333162313966656265616434
6264663735306339370a363935343038633563386435336334386638396666313139343863633164
35356333663565363938376330366439393737663633363534343966646432393430343339666239
39666631613037646562626336353936316465646661646566653362386639333539303831323961
33663962383031663635303665613766613031663739633364396336653333633033313866656465
65613837346237356639303961613663383639656130316536636462343863666662333734623834
37353264313232383966653834353534326337303238653131643037653932353336663030663731
35313230333065663538306462353039393961396562613563663531626430363562656466383737
64326466656238663563626664383639613462363561376633623736623338346662643332303166
31393063623037306161633630333263383761643261653430393733653331376437386462626539
63356137306638353136646531353030333662623139333836313333333164316661323130373930
66613062303565663437613839393266653830386330346362393433346531666565643533663561
34313861353433633631366465663561646261333666313930306231656331363564613833393833
35336530643566623730353838393063316234653964616261313862306139386562393437623833
66363434303161366666626230623939313731653730373539363064653466663062643631306335
35373763613730623439366330303463646435616432363463326463333962626466313766396166
32333430626332366539386332323866316334313063656637643632613031383731343266323364
32616336613864306236386365373961336639643137383939653363326238636239373635653764
32386635656332643234376630356566303764353366326537623466343733643536616530376536
37353666343037623430356265326535366433346566353463383062333938636333663265343633
36386631623766363133353563633163336230383265636361643062643664623635303763396365
61383031313766643433353863366539646637373561633831666639366239613865366536376465
34636164373438393035373864633533623764633264393561353436363137393961316565363663
36383436323335326536613237633739626365353133393364643462633365303334636132616132
32383434303937353039613638316364353364343538623437386335613833353034363839646435
65346631313338323163616238313432636537333031393566336338393661643434366563326638
37373230613038633637306662313834636435626337656439663961383431376331376132363831
34636538386231343938613864646566323763653538313561316464653332373966396164666337
31366466633836653531396238653466376535656438616562303739366330643862303363303863
39326536636339306630363138623432343964386234336465623764633135393533643033383963
62346463353135613662396664383139353566636234303562303332343432333932393832663061
66383163346662386361616661336464333631613566633465396164383132376639643265633231
61346362353233366662313265396664353439353031363462616435333333343865356430363464
35383162316564313337626539303833303062303832353563373233336662373938373732336565
30343634393135306633393566623964323834356662396338316336653462643663613437323933
34383237393631373861383361636663646330646165333630383934656634633561366263383739
65303138336136366337333565343264343838323734646338316364396663613438383532366637
33313130396235366537303437356132656164316363626338393762333531343932386566613937
32353563616161666533333134353838616162343031653331363063336561363736633439383561
36306261356164366666623134613330346162383732373831373432353630393063396431613530
30343333323266306661646134363865393065326438313364396137333565616134663932636639
65303734376339623162323762383666633562353433373836346565623831626435633465613334
66316538623633623463386439326264386664366136306237666337376138653261366266613735
39393162646232636138323162623834636436353636646337333530616237393862353537636162
38363763353633616432636264663539613063386637633031343162333363306632373032353664
32633934646363323532666437313930613936643231303632386533653834643761313461383739
66363036353039356261333263663431373564353038343833323631313861636533316165613234
31383163323237323237623363643339623539396164626338316362383661306136373364376366
37373835383731633733326564356666313864663332393931386437393138316362323531666438
38363433323262313462363662373130383337303239633036613461616266616465666131396361
33323261303864303833643531386330653831396636363032656663356263353064653462366431
38646330323139663132663062643361303236313766636535393164376263653139306261343962
35356538323230633333623534393662363432616466316666373338396633656631616130346137
39363363386663383431356164663031336630646132373562623062356230633266326439623438
39363732356432633062353035663138393533343235626632326638363136613734653030336261
30633764626337373862353434656136383335383434633037316435376265363031643762323139
36383639663634316631613733363438356563653533646332663663383863343032376463383564
34373138636434373963643734346236343739343136373963343465656430326339613433343730
64393662643265373136316231373437313535663239383161333235333539333034393532363633
39366466393366616263373139373334346534613937656534633831383266343233343133653661
38636134666336383963323435646137623537353636373663366530363933343737303934303737
36303834383133383263376366613638363166396432393136393739633761363739393464653139
66636136643963656539356465313561653539383339356532623633316636313430366663623464
39616533353735663962633136383063313035393363346630386163393966326136336439666139
62343031663065373831396266303235363964343162323061643331366466643635336337396332
61346463336130333534353433346565366637393263333935333430663632633737313734373166
37316131363132346630316133323732643062396537383539666461376439336636323935323862
30316363396637646664323634643835383735353166613336656232343166303765666539366232
36343336386366646163633261323365613935643630356338383366303737643131376262646464
32666264376134396133326431303965643163656633373766366433333362623333376162363466
65653465353137633133643263363562356664636461663031353232626238376438646666373461
61363935643666333533656336383166366537326338393239303831393538386363633435613137
35306565383131656339653033313264623362336363336132383063616539643339656538323530
63623931353237386433323336393830626266656563666232363663306366303161393736303035
32316165333231376132333561653835383064396638653632383830643863313038623335336531
36653865633662666539363262326432623531356233386537636365316437626635663732663764
38666531393639613333346164373661356530633162396164633964666536666339393530613830
64643636393931326333313832383437326436303765343363326236313133363962316565316637
31316264663837646563353066373133653663333334323038323237616231306564623432316366
62333431326164626636356137393438386266336337663462626432313136643762393935613939
64383538626638623336373336616435653135316133316337646139376434323363316531326535
30666164363935656637303930623961323266636165623939656138613063313930663961363263
32623534316361643964623165626135336532313362313834616431623236323031346335373233
37396365336565626233663331383138353030323561633534383832326630663232343061383237
66313234383037393434666534646465343837663263663165323231383261343739303163393030
37336239646237646235303165383839633438633238663762613636336131326132343538646566
34666635383036363534386430303166303561393433356439643031316438383765353733326539
30313133343932623631313238366431306633666165376461633163346337613739376663646236
31643031643732376438613233313865313763323266343164613931323839366434323537626434
35343062303832663763656138316666356663653239326634373030323230383066336632633733
64616565353966633832363533333535616561363165653161363834613937363439386462663235
34626132613632316130613463313235326535323939306262313663663032336439306632393731
30313765396130386131373234613532363931363137333034636136356132303332326233356166
33306266396634333139303038326266343364623234346164363161646231326638303432393837
30366666386232623336316332333133343334343635326162653331623031633130323734336436
36613365363966326137366139373136356633326638366164313863353362363135373633623231
62313632653434633236353234326466393135616563653630373634613430353639373434333466
31313438353736343037373432643562653236633432366532366136303137656132336462376434
6263
